
Times with MCMC 
2458354.457767549 0.0001547960510163316
2458355.3990883697 0.00015735810152834616
2458356.3407258126 0.00034864401543111743
2458357.2822032175 0.0002473234817126188
2458358.223406871 0.00016405007806248736
2458359.165240916 0.0001716243215527562
2458360.1065971404 0.0001699058606093618
2458361.0481138974 0.00022224169285299655
2458361.989630955 0.00015387810262565508
2458362.931171377 0.00016976243163462277
2458363.8725554305 0.00021069753573790787
2458364.8137362036 0.00019137653419930566
2458365.755189503 0.00020625820236004402
2458366.697011467 0.00017465926275021996
2458369.521079649 0.00016072069761177357
2458370.4626397826 0.00016506875847852067
2458371.4041212243 0.00017412551739341437
2458372.3454210875 0.0001612458405612151
2458373.2873210385 0.0005982118921776782
2458374.2282860074 0.00017875977203267912
2458375.1698960327 0.0001631835637601867
2458376.111218779 0.00021753991613248256
2458377.0528294365 0.00015657194434510896
2458377.994277883 0.00017002082042859962
2458378.9358102498 0.0001469328220250712
2458379.877167856 0.0001533058856365912
2458380.8187748385 0.00020424982069042202

Result of linear fit to transit times using uncertainty method  1
  Period =  0.9414595062934127
  t0     =  2453403.3222602108
  Chisqr, Ndof, Ndata, Nparam =  13.216891255423995 25 27 2

Times with lmfit optimizer 
2458354.457762533 0.00015682089254603185
2458355.399094346 0.0001444897144585629
2458356.3407069957 0.0001580465598831067
2458357.2822077745 0.00019421012836162604
2458358.223401211 0.0001569038444111153
2458359.165238036 0.000153725537915547
2458360.106596261 0.00013184870263043366
2458361.0481124166 0.000134947097860448
2458361.9896285706 0.00017619661886181723
2458362.9311753213 0.0001599673517329858
2458363.872556067 0.00016370938757502972
2458364.8137298194 0.0001668443285978136
2458365.755194316 0.00016494308518276218
2458366.6970159565 0.0001629964801236102
2458369.521083303 0.0001282073752761691
2458370.4626417635 0.00021665396601251822
2458371.4041165337 0.00013256927223305798
2458372.345426912 0.00015698148918230775
2458373.2872602786 0.00015812688975502215
2458374.228285284 0.0001406614437387379
2458375.169894072 0.00016049540807861067
2458376.1112115076 0.00015590764209341123
2458377.0528285867 0.00015403710207471854
2458377.9942776915 0.0001662097651663893
2458378.935810128 0.0001612308118003221
2458379.8771687825 0.00014868487764346718
2458380.8187766103 0.00016821548433680709

Result of linear fit to transit times using uncertainty method  0
  Period =  0.9414595922794504
  t0     =  2453403.3218117687
  Chisqr, Ndof, Ndata, Nparam =  19.094600327993522 25 27 2
