
Times with MCMC 
2458545.2307065926 0.0002299216210844995
2458546.044136359 0.00025278048244408547
2458546.8576598475 0.00021481058796066828
2458547.6709310915 0.0002270047431319978
2458548.4845120744 0.00024402388606050004
2458549.297729925 0.00023121170234994133
2458550.111094093 0.00021441310364545292
2458550.9245483633 0.00019820690927464777
2458551.7387264613 0.00021865985035794637
2458552.551644295 0.00021552215184730906
2458553.3651222624 0.00020756939874572365
2458554.1786082005 0.00022495898972350504
2458554.9922978748 0.0002369479061430583
2458558.2462836117 0.00019176712032125035
2458559.0595223056 0.0002256629725956123
2458559.872995744 0.00022753013446221844
2458560.686320546 0.00022350738255817536
2458561.4999066144 0.0002274400099708159
2458562.3136504022 0.00021802890427688324
2458563.127048574 0.00022448891449829053
2458563.9401549916 0.0002442583896827461
2458564.7541928026 0.00020294405832686012
2458565.567513753 0.00020664951090296785
2458566.3804060128 0.00022746565564203802
2458567.1943708095 0.00023012916753650754
2458568.0078865723 0.00020621538449248542

Result of linear fit to transit times using uncertainty method  1
  Period =  0.8134737003274517
  t0     =  2457423.450291437
  Chisqr, Ndof, Ndata, Nparam =  21.70480295938167 24 26 2

Times with lmfit optimizer 
2458545.2307056636 0.00023369470229608584
2458546.0441450044 0.0002505414028026559
2458546.8576534954 0.00020440064984532312
2458547.67092437 0.0001343169532087636
2458548.484509171 0.00022669013353496736
2458549.2977289883 0.00023315376953670608
2458550.1110969055 0.00023105339698039894
2458550.9245475726 0.00019681284651329125
2458551.73872147 0.0001994926351126689
2458552.5516424193 0.00020260020203847524
2458553.365123438 0.00021230060006002701
2458554.1786053847 0.0002039359546571266
2458554.992288768 0.00024658167234795097
2458558.246279765 0.00020004938215759888
2458559.0595167633 0.00022847357927064876
2458559.8729978227 0.00019232432672691162
2458560.686325566 0.00021134688949029628
2458561.499907491 0.00024080258824770156
2458562.3136477876 0.00019255255828817174
2458563.1270520505 0.0002568098631513345
2458563.940158742 0.00021722196572898254
2458564.7541887984 0.00021876675279279635
2458565.5675178384 0.00020473757333530065
2458566.3804109194 0.00022647584550309187
2458567.194372396 0.00023418139042386858
2458568.007882764 0.0002147203747606972

Result of linear fit to transit times using uncertainty method  0
  Period =  0.8134730017493523
  t0     =  2457423.4512608037
  Chisqr, Ndof, Ndata, Nparam =  22.197634415075356 24 26 2
