
Times with MCMC 
2459116.0928219105 0.00017230069193341515
2459117.0343145914 0.00026397354234926606
2459117.975874737 0.00019758477760386552
2459118.917334074 0.00014614724720455268
2459119.8587369737 0.00016486649834291056
2459120.8003009646 0.00017471817766166368
2459121.7415229743 0.0001887891096838092
2459122.683215121 0.00015277024208239682
2459123.624176742 0.00016967381861951342
2459124.5660411515 0.0001800451567726034
2459125.507503439 0.00015466134289016
2459126.448996151 0.00017191735903763835
2459131.1561467606 0.00016585429180041863
2459132.0974567127 0.0001774304010415861
2459133.038932082 0.0005373235603662586
2459133.980168389 0.00026409344209969953
2459134.922218799 0.00019284454428666688
2459135.863365763 0.0002202737428225141
2459136.8053151146 0.00020475191333278693
2459137.746125109 0.00015923148566011574
2459138.687818805 0.00015252512345734722
2459139.629484929 0.0001471640840446497
2459140.5706386087 0.00016785835543646501
2459141.5120199197 0.0001935127991182366

Result of linear fit to transit times using uncertainty method  1
  Period =  0.9414542209873579
  t0     =  2453403.34869285
  Chisqr, Ndof, Ndata, Nparam =  21.000038650007287 22 24 2

Times with lmfit optimizer 
2459116.0928194523 0.00017173348759301824
2459117.034323492 0.00024882677736039736
2459117.9758817973 0.00015898093156399906
2459118.91733614 0.00015686755297821857
2459120.800301457 0.00014803328916484503
2459121.741521431 0.00015824344715883646
2459122.683211897 0.0001617642065879425
2459123.624169886 0.00015740219220104646
2459124.5660406323 0.00026873820493418727
2459125.5075036585 0.0001503929463413245
2459126.4489951343 0.00017007586714431767
2459132.097453012 0.00015744780681642046
2459133.0388798257 0.0001544227987602238
2459133.9801561506 0.0001677125529547358
2459134.922225042 0.00020837585509220888
2459135.8633693787 0.00014579556521759264
2459136.8053224464 0.00019449007905564974
2459137.746118399 0.00015118422265282216
2459138.687818917 0.00020117360896036173
2459139.6294877194 0.00014106261471323153
2459140.570638326 0.0001148936460438209
2459141.5120125306 0.00018189227008258026

Result of linear fit to transit times using uncertainty method  0
  Period =  0.9414526285723254
  t0     =  2453403.3583476855
  Chisqr, Ndof, Ndata, Nparam =  27.99420088959879 20 22 2
