
Times with MCMC 
2458572.0490169395 0.0023186079416144937
2458572.8907861616 0.001332609810749774
2458573.7264154223 0.0011704467261693904
2458574.565038676 0.001479281402252843
2458575.405139222 0.0011923630496023226
2458576.2403162397 0.0012112252147047891
2458577.0781191713 0.0009953383084191927
2458577.9171439726 0.001629460840722812
2458578.755560512 0.0013666471140452794
2458579.592348993 0.0011605467075879196
2458580.4316041986 0.0012087415634390436
2458581.2709088377 0.0013464487218974547
2458586.294430271 0.0017912501231741294
2458587.133404716 0.0012114833497024508
2458587.969752605 0.0015980883133134274
2458588.8075927617 0.0011137811764929074
2458589.6470549726 0.0012423465090082425
2458590.486230935 0.0013128407637518363
2458591.3215177217 0.0011186277465692477
2458592.1589798126 0.0011973316169880904
2458592.9985708 0.0010262785545972067
2458593.8345344136 0.0012428733237778069
2458594.6707850657 0.0014217427456547247
2458595.509927308 0.0013948028672799613

Result of linear fit to transit times using uncertainty method  1
  Period =  0.8378060346946984
  t0     =  2458217.6603343743
  Chisqr, Ndof, Ndata, Nparam =  22.673964240917314 22 24 2

Times with lmfit optimizer 
2458572.0498272683 0.0017059197709552705
2458572.891011807 0.0014217628714334552
2458573.726388071 0.0012605809814992919
2458574.564660081 0.0014232246372076181
2458575.405207575 0.0013280068480760634
2458576.240168892 0.0012048536424944828
2458577.0781295057 0.0012812752386373802
2458577.9167930237 0.0012227479632890784
2458578.755314047 0.0012968263169705428
2458579.5922274147 0.001224702311482251
2458580.431575716 0.0013251658493627638
2458581.27085807 0.0013041706463278522
2458586.2944893152 0.0013667478827720666
2458587.1334512145 0.0013095477430495794
2458587.970089364 0.0013054011187565557
2458588.807402765 0.001199080608410007
2458589.6470767935 0.0012323178741929575
2458590.4860658315 0.0013717979348372336
2458591.3214445948 0.00120915150624787
2458592.158855018 0.0011910662516454716
2458592.998629751 0.0012905464198594105
2458593.8345891368 0.0011979781290796677
2458594.670874032 0.0012171182859246348
2458595.5098401513 0.001247760947139633

Result of linear fit to transit times using uncertainty method  0
  Period =  0.8377998547002498
  t0     =  2458217.662910846
  Chisqr, Ndof, Ndata, Nparam =  22.259565913579806 22 24 2
