
Times with MCMC 
2459420.6986069162 0.0006860317777571221
2459421.6679848945 0.0007198538541299516
2459422.637773399 0.000905380901428968
2459423.6063194475 0.0005730015993021002
2459424.5748030324 0.0008012837907914804
2459425.5448429836 0.0007820938916278128
2459426.5118312305 0.0007343873559471609
2459427.4818116394 0.0008350239266461501
2459428.452105763 0.0008783400999107545
2459429.420403743 0.0007465700093691474
2459430.3881320436 0.0008773756529645452
2459431.3575428054 0.0007093235983305576
2459432.3276764117 0.0006443376294081017
2459434.264235662 0.0007353194228668407
2459435.2315703197 0.0007288036175321523
2459436.2022635955 0.0007597062214615132
2459437.1708692373 0.0007749438677580773
2459438.14085855 0.0008895961723802106
2459439.10970682 0.0007717824230368583
2459440.0795739493 0.0008131771268768279
2459441.0481620254 0.0006845467037458629
2459442.017606029 0.000947897351774249
2459442.9860271504 0.0006368820960033128
2459443.955331909 0.0007601297745009944
2459444.9245800343 0.0007796506133369973
2459445.8910592785 0.0007368227678912694

Result of linear fit to transit times using uncertainty method  1
  Period =  0.9689841976273725
  t0     =  2458334.4677332635
  Chisqr, Ndof, Ndata, Nparam =  31.32389865509753 24 26 2

Times with lmfit optimizer 
2459420.698592126 0.0006416339085548678
2459421.6679730765 0.0007763731011197361
2459422.6377441203 0.0007351503805598526
2459423.606293464 0.0007500591865760528
2459425.5448648892 0.0008248157524173761
2459426.5118395654 0.000782777674942564
2459427.4819071484 0.0005149431954325721
2459428.452087572 0.0007519724742644173
2459429.420393761 0.000750486219463223
2459430.388098509 0.0007507367701384096
2459431.3575144196 0.0006976654397986242
2459432.3276358442 0.0007057068688458389
2459434.2642482556 0.0007385053693797986
2459435.2316087107 0.000758723407092779
2459436.202238427 0.0007168309016642231
2459437.170875517 0.0007391065682126934
2459438.1409141393 0.0007884247503957911
2459439.109592021 0.0007900941435766684
2459440.0796023076 0.0007867824882799518
2459441.0481569804 0.0007430155065852499
2459442.0179335284 0.0007675248413044094
2459442.9859910416 0.0007177648864079402
2459443.95534053 0.00077312243094293
2459444.9246252533 0.000713939386605396
2459445.8910346907 0.0007215444265486233

Result of linear fit to transit times using uncertainty method  0
  Period =  0.9689862931182945
  t0     =  2458334.4653778276
  Chisqr, Ndof, Ndata, Nparam =  33.34622284327732 23 25 2
