
Times with MCMC 
2459256.2066044626 0.00023070558682484826
2459257.0206861948 0.00025628142110707805
2459257.8337141247 0.0001883741669109614
2459258.6473519984 0.00020862232348410704
2459259.4605411887 0.00022334757018697187
2459260.2743158974 0.00022327870947000557
2459261.0873102155 0.00023029642037397056
2459261.9013015777 0.00020712246243371872
2459262.714555245 0.0001873190101901602
2459263.527979301 0.0002128825435998136
2459264.341751962 0.00022293853640722978
2459265.154918007 0.00020960173456203637
2459265.9687362025 0.00021886246756642937
2459266.781840131 0.0002980131128042711
2459272.476505319 0.0002143698673637203
2459273.289199872 0.00022126641109523624
2459274.1027973155 0.0002473342491089085
2459274.916798081 0.00022611673929237927
2459275.7304350864 0.00022469042460650668
2459276.543514777 0.00020521043090265754
2459277.3574297945 0.00021480020097863168
2459278.1707758517 0.00023234201297309202
2459278.984050276 0.00024071964949029068
2459279.7979270844 0.00021423071964249912

Result of linear fit to transit times using uncertainty method  1
  Period =  0.8134771446982658
  t0     =  2457423.4427772076
  Chisqr, Ndof, Ndata, Nparam =  27.610877135454743 22 24 2

Times with lmfit optimizer 
2459256.206603302 0.00021808235807722087
2459257.0206877347 0.00021463883397331967
2459257.8337104144 0.0001965145460008944
2459258.647353625 0.0001916665856771264
2459259.4605393433 0.00021526133592499812
2459260.2743093735 0.00020329620848037017
2459261.087317906 0.00021044385258836885
2459261.9012967087 0.00021489030221288097
2459262.7145531233 0.00013717886979202067
2459263.527979018 0.00027519784273782806
2459264.3417522153 0.00021597598220888064
2459265.1549146576 0.00022030840931169265
2459265.9687375207 0.0002129172082061735
2459266.7818477647 0.0002376801129632683
2459272.4765038905 0.00019140875898136876
2459273.289200258 0.00021588473088724722
2459274.102793517 0.0002211296364735468
2459274.9168034024 0.00017250845958368926
2459275.7304300913 0.00021064944049390896
2459276.5435123616 0.00019117197187704186
2459277.3574325214 0.0002296778123971108
2459278.1707694493 0.00020520084792939442
2459278.9840506385 0.00033822667280786813
2459279.7979233684 0.00021341617593414347

Result of linear fit to transit times using uncertainty method  0
  Period =  0.813476568785524
  t0     =  2457423.4440833116
  Chisqr, Ndof, Ndata, Nparam =  31.09175006784385 22 24 2
