
Times with MCMC 
2459282.540295262 0.001371673219879792
2459283.3794123563 0.0009582745257885505
2459284.2209519395 0.0011529337830573085
2459285.0551260216 0.0013413142015656471
2459285.892627064 0.0009248325937514058
2459286.732213475 0.0010117295602542825
2459287.5698006535 0.0010995907754665288
2459288.4070537747 0.0012576161142425605
2459289.246284492 0.0010773899383004714
2459290.083194427 0.0010878669202062743
2459290.91980119 0.0011920867900118025
2459291.758400814 0.0011044099225850873
2459292.596325201 0.0011309176557458658
2459295.9499187605 0.0010661253622231094
2459296.7854112387 0.0012847438706478015
2459297.6259166976 0.0012490114239566935
2459298.462268568 0.0012117086457370258
2459299.298727688 0.001127484934590608
2459300.1374829067 0.0011134785509196359
2459300.974449798 0.0013632451272413972
2459301.8145214873 0.001500096003356609
2459302.6519195447 0.0011566620424170292
2459303.488571579 0.0010394980559051078
2459304.3266788423 0.0008266864581617193
2459305.1645112825 0.0012673394200039393

Result of linear fit to transit times using uncertainty method  1
  Period =  0.8378765650624425
  t0     =  2458217.6010911716
  Chisqr, Ndof, Ndata, Nparam =  21.73875022916541 23 25 2

Times with lmfit optimizer 
2459282.540553773 0.001202314438037125
2459283.379325576 0.001053326042279709
2459284.22105895 0.0011547576836468498
2459285.0550790234 0.0011913910749850722
2459285.8926079925 0.0010411778173631788
2459286.732178423 0.0011544891876066447
2459287.569759285 0.0016612515748906055
2459288.4071067036 0.0012306757206409777
2459289.246222778 0.0011626495904948871
2459290.0829796763 0.0011952436753454457
2459290.919741696 0.0011312473526203935
2459291.7584540336 0.0012506884002742426
2459292.5962655265 0.0011857458227495083
2459295.949870641 0.0012066959928618832
2459296.78553395 0.0011895091886657484
2459297.6261278167 0.001223349725379981
2459298.462349407 0.001151830330643538
2459299.2987892707 0.0011021020506300275
2459300.1375491256 0.0011580422659812333
2459300.9744698373 0.0011467551626831549
2459301.8143469547 0.0010957588550045165
2459302.651817366 0.0011841003529303787
2459303.488689824 0.0005844535752020793
2459304.3266102173 0.0010510967038702768
2459305.1649770266 0.0011228870967324406

Result of linear fit to transit times using uncertainty method  0
  Period =  0.8378784564088435
  t0     =  2458217.598615081
  Chisqr, Ndof, Ndata, Nparam =  22.192365500315343 23 25 2
