
Times with MCMC 
2459282.764165636 0.0003798497141378279
2459283.553387547 0.0004562007491854692
2459284.342532905 0.0005260810188037601
2459285.130261697 0.00045262674633242297
2459285.9198078536 0.0004842543661562843
2459286.708576923 0.00042344590844072666
2459287.4971174076 0.0004700079631772761
2459288.285879107 0.00046882513379745497
2459289.0750026926 0.00042012753964682783
2459289.8635645695 0.00038953474047206574
2459290.652639866 0.0004974384709088328
2459291.4409667705 0.0004854722629335042
2459292.2300842823 0.00041405802145966903
2459296.1753878044 0.0004310307577796956
2459296.963069517 0.00047428130863001457
2459297.7514052643 0.0005114649315054256
2459298.540065224 0.0004490896186661236
2459299.329280097 0.0004108681466250816
2459300.1182914176 0.0004992137203939787
2459300.9076096704 0.0004933547210214074
2459301.6965352036 0.00041583141684712824
2459302.484526554 0.0004775471552579852
2459303.274512077 0.0004809965235643088
2459304.0635362486 0.0004313398068625573
2459304.851863579 0.0004498947888280427
2459305.639973859 0.0004668265829703669

Result of linear fit to transit times using uncertainty method  1
  Period =  0.788834218918591
  t0     =  2456977.790629847
  Chisqr, Ndof, Ndata, Nparam =  25.247752520451126 24 26 2

Times with lmfit optimizer 
2459282.7641692813 0.00029592518306350603
2459283.553383194 0.00047603418648932855
2459284.3425591304 0.000492101407405289
2459285.1302785766 0.0004568929522144015
2459285.9198045875 0.0004874948348516382
2459286.708565301 0.00041621834840477827
2459287.4971051435 0.0005883924824776764
2459288.285904156 0.0004799955262821754
2459289.075005376 0.00047654443287104925
2459289.863565602 0.0004897717927595356
2459290.652626755 0.00045051042247866847
2459291.4409689037 0.0004744881390713053
2459292.230095105 0.00043563336710556713
2459296.1753831073 0.00044639326947322754
2459296.963064797 0.0004951481020300986
2459297.751388105 0.0004869493676168516
2459298.540065798 0.00045410987842543207
2459299.3292898936 0.0004640173145985518
2459300.1183015946 0.0004563626237123107
2459300.907613927 0.0005573179239162807
2459301.6965340776 0.0004558643972606894
2459302.484514282 0.0004749705364216535
2459303.274536994 0.0004593730545151115
2459304.063544625 0.0004623716421892193
2459304.8518530116 0.00048274269432142217
2459305.63997073 0.0004917889777684749

Result of linear fit to transit times using uncertainty method  0
  Period =  0.7888331546666227
  t0     =  2456977.793753517
  Chisqr, Ndof, Ndata, Nparam =  24.522766031446405 24 26 2
