
Times with MCMC 
2458544.4114501313 0.00044793779440871294
2458545.1990650203 0.0003870351659515149
2458545.9890179774 0.000404951183021846
2458546.7773060505 0.00044056963821778697
2458547.5669833315 0.00043384911747480754
2458548.354891576 0.0004466198577486263
2458549.1442709654 0.0005018956611784776
2458549.932229326 0.000441701800000941
2458550.7211992326 0.0004841071269298877
2458551.5099904435 0.0004451440286436472
2458552.299068523 0.000441027782604675
2458553.0878195614 0.0005203592629541822
2458553.8769411533 0.00041854988970279044
2458554.665615073 0.00041629041660867837
2458557.8215367077 0.0005118227147315232
2458558.609514322 0.0005083170120418534
2458559.3991719717 0.0004696707882459682
2458560.1867454583 0.0004761713099900249
2458560.9773607366 0.00044737596281614405
2458561.7655484825 0.0004189533693567404
2458562.553651394 0.00040694914544038286
2458563.342785915 0.00042829854205092815
2458564.1319908933 0.0004019008455908979
2458564.921135233 0.0005021612384554293
2458565.709429868 0.0004585402546574301
2458566.4987004832 0.000398057573290174
2458567.2877606116 0.0004885395846145936
2458568.0763706337 0.00040058807737337085

Result of linear fit to transit times using uncertainty method  1
  Period =  0.788845855928244
  t0     =  2456977.7629238986
  Chisqr, Ndof, Ndata, Nparam =  27.649411690072995 26 28 2

Times with lmfit optimizer 
2458544.4114365936 0.0004604298544042405
2458545.19905683 0.0004026962026048857
2458545.9890056895 0.00043218470019063665
2458546.777310009 0.0004507835602291975
2458547.566984866 0.00041645490969575836
2458548.3548940113 0.00044547262909612766
2458549.1442611637 0.0005048535679036877
2458549.932212393 0.00043705334604843575
2458550.721199588 0.00044352465227597866
2458551.510013289 0.0004058695106173895
2458552.299064262 0.0004374613140116744
2458553.0877978182 0.00045347229706645527
2458553.8769400828 0.0005049925747724707
2458554.6656087325 0.0004700836569153684
2458557.8215203644 0.0005155924748789159
2458558.609511809 0.00046690477850086715
2458559.3991614017 0.000465772123714924
2458560.186759106 0.00044811380463988883
2458560.977350737 0.0004235861619913064
2458561.765556004 0.0004093257158228677
2458562.5536570298 0.0004169879956709278
2458563.342791177 0.0004865305616014043
2458564.1319782864 0.00043847723905944254
2458564.921129545 0.0004515341164806585
2458565.7094250917 0.00044324171607698724
2458566.498690604 0.0004105528126125892
2458567.2877764655 0.0004743821815373858
2458568.0763694197 0.0004421255671621223

Result of linear fit to transit times using uncertainty method  0
  Period =  0.7888467420016845
  t0     =  2456977.761143292
  Chisqr, Ndof, Ndata, Nparam =  28.412526611522395 26 28 2
